'KjymOs12Mpy0Kd54b7T9MA'
'[649, 650, 651, 652, 653, 654, 655, 656, 657, 658, 659, 660, 661, 662, 663, 664, 665, 666, 667, 668]'
{u'Bellagio water': {'avg': 0.47,
                     'cluster_sentiment': [-0.81],
                     'overall_sentiment': [0,
                                           0.54,
                                           0.62,
                                           0.75,
                                           0.53,
                                           0,
                                           0.77,
                                           0.85,
                                           0.42,
                                           0.72,
                                           -0.81,
                                           0.47,
                                           0.64,
                                           0.62,
                                           0.47,
                                           0.69,
                                           0.5,
                                           0.37,
                                           0.78,
                                           0,
                                           0.54,
                                           0.62,
                                           0.75,
                                           0.53,
                                           0,
                                           0.77,
                                           0.85,
                                           0.42,
                                           0.72,
                                           -0.81,
                                           0.47,
                                           0.64,
                                           0.62,
                                           0.47,
                                           0.69,
                                           0.5,
                                           0.37,
                                           0.78,
                                           0,
                                           0.54,
                                           0.62,
                                           0.75,
                                           0.53,
                                           0,
                                           0.77,
                                           0.85,
                                           0.42,
                                           0.72,
                                           -0.81,
                                           0.47,
                                           0.64,
                                           0.62,
                                           0.47,
                                           0.69,
                                           0.5,
                                           0.37,
                                           0.78],
                     'savg': -0.81,
                     'std': 0.38},
 u'carpaccio': {'avg': 0.47,
                'cluster_sentiment': [-0.44],
                'overall_sentiment': [0.36,
                                      0.34,
                                      0,
                                      0.14,
                                      0.9,
                                      0.56,
                                      0.51,
                                      0.52,
                                      0.43,
                                      0,
                                      0.45,
                                      0.52,
                                      0.4,
                                      0.55,
                                      0.54,
                                      0.7,
                                      0.65,
                                      0.88,
                                      0.35,
                                      0.37,
                                      0.39,
                                      0.85,
                                      -0.44,
                                      0.42,
                                      0.52,
                                      0.67,
                                      0.91,
                                      0.69,
                                      0.15,
                                      0.9],
                'savg': -0.44,
                'std': 0.3},
 u'entrees': {'avg': 0.23,
              'cluster_sentiment': [-0.62],
              'overall_sentiment': [0.44,
                                    -0.75,
                                    0,
                                    0,
                                    -0.36,
                                    0.42,
                                    0.42,
                                    0,
                                    0,
                                    0,
                                    0.65,
                                    0,
                                    -0.62,
                                    0.87,
                                    0.21,
                                    0.58,
                                    0,
                                    0,
                                    0.26,
                                    0.34,
                                    0.35,
                                    0.41,
                                    0.81,
                                    0.32,
                                    0.29,
                                    0,
                                    0.21,
                                    -0.27,
                                    0.39,
                                    0.46,
                                    0.36,
                                    0.44,
                                    0.92,
                                    0,
                                    0.38,
                                    0.39,
                                    0.49,
                                    0.44,
                                    -0.75,
                                    0,
                                    0,
                                    -0.36,
                                    0.42,
                                    0.42,
                                    0,
                                    0,
                                    0,
                                    0.65,
                                    0,
                                    -0.62,
                                    0.87,
                                    0.21,
                                    0.58,
                                    0,
                                    0,
                                    0.26,
                                    0.34,
                                    0.35,
                                    0.41,
                                    0.81,
                                    0.32,
                                    0.29,
                                    0,
                                    0.21,
                                    -0.27,
                                    0.39,
                                    0.46,
                                    0.36,
                                    0.44,
                                    0.92,
                                    0,
                                    0.38,
                                    0.39,
                                    0.49,
                                    0.44,
                                    -0.75,
                                    0,
                                    0,
                                    -0.36,
                                    0.42,
                                    0.42,
                                    0,
                                    0,
                                    0,
                                    0.65,
                                    0,
                                    -0.62,
                                    0.87,
                                    0.21,
                                    0.58,
                                    0,
                                    0,
                                    0.26,
                                    0.34,
                                    0.35,
                                    0.41,
                                    0.81,
                                    0.32,
                                    0.29,
                                    0,
                                    0.21,
                                    -0.27,
                                    0.39,
                                    0.46,
                                    0.36,
                                    0.44,
                                    0.92,
                                    0,
                                    0.38,
                                    0.39,
                                    0.49,
                                    0.44,
                                    -0.75,
                                    0,
                                    0,
                                    -0.36,
                                    0.42,
                                    0.42,
                                    0,
                                    0,
                                    0,
                                    0.65,
                                    0,
                                    -0.62,
                                    0.87,
                                    0.21,
                                    0.58,
                                    0,
                                    0,
                                    0.26,
                                    0.34,
                                    0.35,
                                    0.41,
                                    0.81,
                                    0.32,
                                    0.29,
                                    0,
                                    0.21,
                                    -0.27,
                                    0.39,
                                    0.46,
                                    0.36,
                                    0.44,
                                    0.92,
                                    0,
                                    0.38,
                                    0.39,
                                    0.49,
                                    0.44,
                                    -0.75,
                                    0,
                                    0,
                                    -0.36,
                                    0.42,
                                    0.42,
                                    0,
                                    0,
                                    0,
                                    0.65,
                                    0,
                                    -0.62,
                                    0.87,
                                    0.21,
                                    0.58,
                                    0,
                                    0,
                                    0.26,
                                    0.34,
                                    0.35,
                                    0.41,
                                    0.81,
                                    0.32,
                                    0.29,
                                    0,
                                    0.21,
                                    -0.27,
                                    0.39,
                                    0.46,
                                    0.36,
                                    0.44,
                                    0.92,
                                    0,
                                    0.38,
                                    0.39,
                                    0.49],
              'savg': -0.62,
              'std': 0.36},
 u'mushroom flatbread': {'avg': 0.42,
                         'cluster_sentiment': [0],
                         'overall_sentiment': [0.56,
                                               0.48,
                                               0.42,
                                               0.45,
                                               0.73,
                                               0,
                                               0.29],
                         'savg': 0.0,
                         'std': 0.21},
 u'party': {'avg': 0.33,
            'cluster_sentiment': [-0.59],
            'overall_sentiment': [0.37,
                                  0.4,
                                  0,
                                  -0.59,
                                  0.32,
                                  0.78,
                                  0.74,
                                  0.58,
                                  0.37,
                                  0.4,
                                  0,
                                  -0.59,
                                  0.32,
                                  0.78,
                                  0.74,
                                  0.58],
            'savg': -0.59,
            'std': 0.42},
 u'prices': {'avg': 0.16,
             'cluster_sentiment': [-0.78],
             'overall_sentiment': [0,
                                   0,
                                   0,
                                   0,
                                   0.63,
                                   0,
                                   0,
                                   0.83,
                                   -0.78,
                                   -0.3,
                                   0.69,
                                   0.35,
                                   0,
                                   0.81,
                                   0,
                                   0,
                                   0,
                                   0,
                                   0.63,
                                   0,
                                   0,
                                   0.83,
                                   -0.78,
                                   -0.3,
                                   0.69,
                                   0.35,
                                   0,
                                   0.81,
                                   0,
                                   0,
                                   0,
                                   0,
                                   0.63,
                                   0,
                                   0,
                                   0.83,
                                   -0.78,
                                   -0.3,
                                   0.69,
                                   0.35,
                                   0,
                                   0.81],
             'savg': -0.78,
             'std': 0.44},
 u'prosciutto flatbread': {'avg': 0.29,
                           'cluster_sentiment': [-0.62],
                           'overall_sentiment': [0.57,
                                                 0,
                                                 0.24,
                                                 0.73,
                                                 -0.62,
                                                 0.35,
                                                 0.74,
                                                 0.57,
                                                 0,
                                                 0.24,
                                                 0.73,
                                                 -0.62,
                                                 0.35,
                                                 0.74],
                           'savg': -0.62,
                           'std': 0.45},
 u'special occasion': {'avg': 0.42,
                       'cluster_sentiment': [-0.28],
                       'overall_sentiment': [0.43,
                                             0.43,
                                             0.81,
                                             0.68,
                                             0,
                                             0.58,
                                             0.54,
                                             -0.28,
                                             0.78,
                                             0.21],
                       'savg': -0.28,
                       'std': 0.33}}
