'5GKbGn9-fAgQ0njSh3OJ8A'
'[341, 342, 343, 344, 345, 346, 347, 348, 349, 350, 351, 352, 353, 354, 355, 356, 357, 358, 359, 360]'
{u'Friday night': {'avg': 0.22,
                   'cluster_sentiment': [-0.73],
                   'overall_sentiment': [0.75,
                                         0.26,
                                         0,
                                         0,
                                         0.32,
                                         -0.48,
                                         0,
                                         0.67,
                                         -0.73,
                                         0.73,
                                         0,
                                         0.48,
                                         -0.82,
                                         0.25,
                                         0.42,
                                         0,
                                         0.87,
                                         0.55,
                                         0.37,
                                         -0.65,
                                         0.45,
                                         0.4,
                                         0.5,
                                         0.25,
                                         0.8,
                                         0.75,
                                         0.26,
                                         0,
                                         0,
                                         0.32,
                                         -0.48,
                                         0,
                                         0.67,
                                         -0.73,
                                         0.73,
                                         0,
                                         0.48,
                                         -0.82,
                                         0.25,
                                         0.42,
                                         0,
                                         0.87,
                                         0.55,
                                         0.37,
                                         -0.65,
                                         0.45,
                                         0.4,
                                         0.5,
                                         0.25,
                                         0.8],
                   'savg': -0.73,
                   'std': 0.46},
 u'bread': {'avg': 0.3,
            'cluster_sentiment': [-0.67],
            'overall_sentiment': [0.49,
                                  -0.57,
                                  0.65,
                                  -0.67,
                                  -0.16,
                                  0.54,
                                  0.7,
                                  0.54,
                                  0.46,
                                  0.49,
                                  0.56,
                                  0.68,
                                  0,
                                  0.77,
                                  0.52,
                                  -0.22,
                                  0.29],
            'savg': -0.67,
            'std': 0.44},
 u'cocktails': {'avg': 0.3,
                'cluster_sentiment': [-0.67],
                'overall_sentiment': [0.86,
                                      0.41,
                                      -0.47,
                                      0.55,
                                      0,
                                      -0.67,
                                      0.44,
                                      -0.23,
                                      0.49,
                                      0.54,
                                      0.71,
                                      0.63,
                                      0.58,
                                      0.41,
                                      0.86,
                                      0.41,
                                      -0.47,
                                      0.55,
                                      0,
                                      -0.67,
                                      0.44,
                                      -0.23,
                                      0.49,
                                      0.54,
                                      0.71,
                                      0.63,
                                      0.58,
                                      0.41],
                'savg': -0.67,
                'std': 0.45}}
