'KjymOs12Mpy0Kd54b7T9MA'
'[389, 390, 391, 392, 393, 394, 395, 396, 397, 398, 399, 400, 401, 402, 403, 404, 405, 406, 407, 408]'
{u'Bellagio water': {'avg': 0.47,
                     'cluster_sentiment': [-0.81],
                     'overall_sentiment': [0,
                                           0.54,
                                           0.62,
                                           0.75,
                                           0.53,
                                           0,
                                           0.77,
                                           0.85,
                                           0.42,
                                           0.72,
                                           -0.81,
                                           0.47,
                                           0.64,
                                           0.62,
                                           0.47,
                                           0.69,
                                           0.5,
                                           0.37,
                                           0.78],
                     'savg': -0.81,
                     'std': 0.38},
 u'entrees': {'avg': 0.23,
              'cluster_sentiment': [-0.62],
              'overall_sentiment': [0.44,
                                    -0.75,
                                    0,
                                    0,
                                    -0.36,
                                    0.42,
                                    0.42,
                                    0,
                                    0,
                                    0,
                                    0.65,
                                    0,
                                    -0.62,
                                    0.87,
                                    0.21,
                                    0.58,
                                    0,
                                    0,
                                    0.26,
                                    0.34,
                                    0.35,
                                    0.41,
                                    0.81,
                                    0.32,
                                    0.29,
                                    0,
                                    0.21,
                                    -0.27,
                                    0.39,
                                    0.46,
                                    0.36,
                                    0.44,
                                    0.92,
                                    0,
                                    0.38,
                                    0.39,
                                    0.49,
                                    0.44,
                                    -0.75,
                                    0,
                                    0,
                                    -0.36,
                                    0.42,
                                    0.42,
                                    0,
                                    0,
                                    0,
                                    0.65,
                                    0,
                                    -0.62,
                                    0.87,
                                    0.21,
                                    0.58,
                                    0,
                                    0,
                                    0.26,
                                    0.34,
                                    0.35,
                                    0.41,
                                    0.81,
                                    0.32,
                                    0.29,
                                    0,
                                    0.21,
                                    -0.27,
                                    0.39,
                                    0.46,
                                    0.36,
                                    0.44,
                                    0.92,
                                    0,
                                    0.38,
                                    0.39,
                                    0.49,
                                    0.44,
                                    -0.75,
                                    0,
                                    0,
                                    -0.36,
                                    0.42,
                                    0.42,
                                    0,
                                    0,
                                    0,
                                    0.65,
                                    0,
                                    -0.62,
                                    0.87,
                                    0.21,
                                    0.58,
                                    0,
                                    0,
                                    0.26,
                                    0.34,
                                    0.35,
                                    0.41,
                                    0.81,
                                    0.32,
                                    0.29,
                                    0,
                                    0.21,
                                    -0.27,
                                    0.39,
                                    0.46,
                                    0.36,
                                    0.44,
                                    0.92,
                                    0,
                                    0.38,
                                    0.39,
                                    0.49],
              'savg': -0.62,
              'std': 0.36},
 u'prices': {'avg': 0.16,
             'cluster_sentiment': [-0.78],
             'overall_sentiment': [0,
                                   0,
                                   0,
                                   0,
                                   0.63,
                                   0,
                                   0,
                                   0.83,
                                   -0.78,
                                   -0.3,
                                   0.69,
                                   0.35,
                                   0,
                                   0.81],
             'savg': -0.78,
             'std': 0.44},
 u'restaurant': {'avg': 0.25,
                 'cluster_sentiment': [-0.8],
                 'overall_sentiment': [0.48,
                                       0,
                                       0.78,
                                       0,
                                       0.5,
                                       0,
                                       0.65,
                                       -0.48,
                                       0,
                                       0.63,
                                       0.43,
                                       0.73,
                                       0.63,
                                       0.7,
                                       0.66,
                                       0,
                                       0,
                                       0.36,
                                       -0.56,
                                       0,
                                       -0.33,
                                       0,
                                       0.46,
                                       0,
                                       0.78,
                                       0.01,
                                       0.78,
                                       -0.26,
                                       -0.25,
                                       0,
                                       0.79,
                                       0.72,
                                       0,
                                       -0.03,
                                       0.79,
                                       0.79,
                                       -0.8,
                                       0.65,
                                       0.47,
                                       -0.62,
                                       0.33,
                                       0.33,
                                       0.59,
                                       0.76,
                                       0.67,
                                       0.4,
                                       -0.22,
                                       0.84,
                                       0,
                                       0.72,
                                       0.11,
                                       0.44,
                                       -0.84,
                                       0.58,
                                       0.43,
                                       0,
                                       0.68,
                                       0.72,
                                       -0.43,
                                       0.33,
                                       0.58,
                                       0.63,
                                       0,
                                       0,
                                       0.15,
                                       0.78,
                                       0.6,
                                       0.78,
                                       0,
                                       0.89,
                                       -0.2,
                                       0,
                                       0,
                                       0.74,
                                       -0.73,
                                       -0.39,
                                       0.67,
                                       0,
                                       -0.3,
                                       0,
                                       -0.37,
                                       0.43,
                                       -0.63,
                                       0.48,
                                       0.46,
                                       0.89,
                                       0,
                                       0.52,
                                       -0.24,
                                       0.85,
                                       -0.39,
                                       0.8,
                                       -0.02,
                                       0.54],
                 'savg': -0.8,
                 'std': 0.45}}
