'KjymOs12Mpy0Kd54b7T9MA'
'[255, 256, 257, 258, 259, 260, 261, 262, 263, 264, 265, 266, 267, 268, 269, 270, 271, 272, 273, 274]'
{u'entrees': {'avg': 0.23,
              'cluster_sentiment': [-0.62],
              'overall_sentiment': [0.44,
                                    -0.75,
                                    0,
                                    0,
                                    -0.36,
                                    0.42,
                                    0.42,
                                    0,
                                    0,
                                    0,
                                    0.65,
                                    0,
                                    -0.62,
                                    0.87,
                                    0.21,
                                    0.58,
                                    0,
                                    0,
                                    0.26,
                                    0.34,
                                    0.35,
                                    0.41,
                                    0.81,
                                    0.32,
                                    0.29,
                                    0,
                                    0.21,
                                    -0.27,
                                    0.39,
                                    0.46,
                                    0.36,
                                    0.44,
                                    0.92,
                                    0,
                                    0.38,
                                    0.39,
                                    0.49],
              'savg': -0.62,
              'std': 0.36},
 u'music': {'avg': 0.52,
            'cluster_sentiment': [-0.26],
            'overall_sentiment': [0.63, -0.26, 0.89, 0.72, 0.69, 0.5, 0.45],
            'savg': -0.26,
            'std': 0.34},
 u'night': {'avg': 0.21,
            'cluster_sentiment': [-0.82],
            'overall_sentiment': [0.04,
                                  -0.23,
                                  0,
                                  0.91,
                                  0.84,
                                  -0.82,
                                  0.17,
                                  0.42,
                                  0.88,
                                  -0.52,
                                  -0.32,
                                  0.3,
                                  -0.4,
                                  0.81,
                                  0.73,
                                  0.28,
                                  0,
                                  -0.58,
                                  -0.79,
                                  -0.41,
                                  0,
                                  0.35,
                                  0.32,
                                  0.7,
                                  0,
                                  0.78,
                                  0.54,
                                  0.48,
                                  0.24,
                                  0.22,
                                  -0.83,
                                  0.85,
                                  0.29,
                                  0.65,
                                  0.18,
                                  0.58,
                                  0.72,
                                  0.58,
                                  -0.21,
                                  -0.22,
                                  -0.3,
                                  0,
                                  0.9,
                                  0.66,
                                  0,
                                  0.74,
                                  -0.35,
                                  0.6,
                                  0.58,
                                  0.04,
                                  -0.23,
                                  0,
                                  0.91,
                                  0.84,
                                  -0.82,
                                  0.17,
                                  0.42,
                                  0.88,
                                  -0.52,
                                  -0.32,
                                  0.3,
                                  -0.4,
                                  0.81,
                                  0.73,
                                  0.28,
                                  0,
                                  -0.58,
                                  -0.79,
                                  -0.41,
                                  0,
                                  0.35,
                                  0.32,
                                  0.7,
                                  0,
                                  0.78,
                                  0.54,
                                  0.48,
                                  0.24,
                                  0.22,
                                  -0.83,
                                  0.85,
                                  0.29,
                                  0.65,
                                  0.18,
                                  0.58,
                                  0.72,
                                  0.58,
                                  -0.21,
                                  -0.22,
                                  -0.3,
                                  0,
                                  0.9,
                                  0.66,
                                  0,
                                  0.74,
                                  -0.35,
                                  0.6,
                                  0.58],
            'savg': -0.82,
            'std': 0.49},
 u'town': {'avg': 0.1,
           'cluster_sentiment': [-0.6],
           'overall_sentiment': [-0.6,
                                 0.32,
                                 0.38,
                                 0,
                                 0,
                                 0,
                                 0.36,
                                 0,
                                 0.62,
                                 0,
                                 0.44,
                                 -0.46,
                                 0.5,
                                 0,
                                 0,
                                 -0.6,
                                 0.32,
                                 0.38,
                                 0,
                                 0,
                                 0,
                                 0.36,
                                 0,
                                 0.62,
                                 0,
                                 0.44,
                                 -0.46,
                                 0.5,
                                 0,
                                 0],
           'savg': -0.6,
           'std': 0.33}}
