'KjymOs12Mpy0Kd54b7T9MA'
'[699, 700, 701, 702, 703, 704, 705, 706, 707, 708, 709, 710, 711, 712, 713, 714, 715, 716, 717, 718]'
{u'Service': {'avg': 0.28,
              'cluster_sentiment': [-0.72],
              'overall_sentiment': [0,
                                    0,
                                    0,
                                    0,
                                    -0.33,
                                    0.87,
                                    0.32,
                                    0.81,
                                    0.4,
                                    0.56,
                                    0.58,
                                    0.51,
                                    0.52,
                                    0.94,
                                    0.49,
                                    -0.23,
                                    0.47,
                                    0.64,
                                    -0.22,
                                    0.56,
                                    0.42,
                                    0.32,
                                    0.26,
                                    0.5,
                                    0.8,
                                    -0.45,
                                    -0.52,
                                    0.49,
                                    -0.72,
                                    0.41,
                                    0.63,
                                    0,
                                    0,
                                    0.47,
                                    0.65,
                                    0.41,
                                    -0.73,
                                    0.54,
                                    0.49,
                                    0.46,
                                    0.36,
                                    0.64,
                                    -0.38,
                                    0.3],
              'savg': -0.72,
              'std': 0.42},
 u'party': {'avg': 0.33,
            'cluster_sentiment': [-0.59],
            'overall_sentiment': [0.37,
                                  0.4,
                                  0,
                                  -0.59,
                                  0.32,
                                  0.78,
                                  0.74,
                                  0.58,
                                  0.37,
                                  0.4,
                                  0,
                                  -0.59,
                                  0.32,
                                  0.78,
                                  0.74,
                                  0.58,
                                  0.37,
                                  0.4,
                                  0,
                                  -0.59,
                                  0.32,
                                  0.78,
                                  0.74,
                                  0.58],
            'savg': -0.59,
            'std': 0.42},
 u'prices': {'avg': 0.16,
             'cluster_sentiment': [-0.78],
             'overall_sentiment': [0,
                                   0,
                                   0,
                                   0,
                                   0.63,
                                   0,
                                   0,
                                   0.83,
                                   -0.78,
                                   -0.3,
                                   0.69,
                                   0.35,
                                   0,
                                   0.81,
                                   0,
                                   0,
                                   0,
                                   0,
                                   0.63,
                                   0,
                                   0,
                                   0.83,
                                   -0.78,
                                   -0.3,
                                   0.69,
                                   0.35,
                                   0,
                                   0.81,
                                   0,
                                   0,
                                   0,
                                   0,
                                   0.63,
                                   0,
                                   0,
                                   0.83,
                                   -0.78,
                                   -0.3,
                                   0.69,
                                   0.35,
                                   0,
                                   0.81,
                                   0,
                                   0,
                                   0,
                                   0,
                                   0.63,
                                   0,
                                   0,
                                   0.83,
                                   -0.78,
                                   -0.3,
                                   0.69,
                                   0.35,
                                   0,
                                   0.81],
             'savg': -0.78,
             'std': 0.44},
 u'prosciutto flatbread': {'avg': 0.29,
                           'cluster_sentiment': [-0.62],
                           'overall_sentiment': [0.57,
                                                 0,
                                                 0.24,
                                                 0.73,
                                                 -0.62,
                                                 0.35,
                                                 0.74,
                                                 0.57,
                                                 0,
                                                 0.24,
                                                 0.73,
                                                 -0.62,
                                                 0.35,
                                                 0.74,
                                                 0.57,
                                                 0,
                                                 0.24,
                                                 0.73,
                                                 -0.62,
                                                 0.35,
                                                 0.74],
                           'savg': -0.62,
                           'std': 0.45},
 u'special occasion': {'avg': 0.42,
                       'cluster_sentiment': [-0.28],
                       'overall_sentiment': [0.43,
                                             0.43,
                                             0.81,
                                             0.68,
                                             0,
                                             0.58,
                                             0.54,
                                             -0.28,
                                             0.78,
                                             0.21,
                                             0.43,
                                             0.43,
                                             0.81,
                                             0.68,
                                             0,
                                             0.58,
                                             0.54,
                                             -0.28,
                                             0.78,
                                             0.21],
                       'savg': -0.28,
                       'std': 0.33},
 u'squid': {'avg': 0.15,
            'cluster_sentiment': [-0.67],
            'overall_sentiment': [0,
                                  0,
                                  0.28,
                                  0,
                                  -0.42,
                                  0.49,
                                  0.31,
                                  -0.67,
                                  0.69,
                                  0,
                                  0.47,
                                  0,
                                  0.92,
                                  0],
            'savg': -0.67,
            'std': 0.4}}
