'zTCCbg7mGslxACL5KlAPIQ'
'[753, 754, 755, 756, 757, 758, 759, 760, 761, 762, 763, 764, 765, 766, 767, 768, 769, 770, 771, 772]'
{u'Italian food': {'avg': -0.05,
                   'cluster_sentiment': [-0.23],
                   'overall_sentiment': [0, -0.23, 0, 0, 0],
                   'savg': -0.23,
                   'std': 0.09},
 u'carving station': {'avg': 0.14,
                      'cluster_sentiment': [-0.61],
                      'overall_sentiment': [0.26,
                                            0,
                                            0,
                                            0.38,
                                            0,
                                            0,
                                            -0.33,
                                            0,
                                            0.37,
                                            0.38,
                                            -0.61,
                                            0.59,
                                            0.32,
                                            0.6,
                                            0.39,
                                            0,
                                            0,
                                            0.37,
                                            0],
                      'savg': -0.61,
                      'std': 0.3},
 u'crawfish': {'avg': -0.04,
               'cluster_sentiment': [-0.53],
               'overall_sentiment': [-0.53, 0, 0, 0, 0.23, 0, 0, 0],
               'savg': -0.53,
               'std': 0.2},
 u'dinner buffet': {'avg': 0.18,
                    'cluster_sentiment': [-0.65],
                    'overall_sentiment': [0.53,
                                          0,
                                          0.21,
                                          0,
                                          0.4,
                                          0,
                                          0,
                                          -0.6,
                                          0.65,
                                          0,
                                          0.21,
                                          0.33,
                                          0.56,
                                          0.85,
                                          -0.32,
                                          0,
                                          0.43,
                                          0.8,
                                          0.41,
                                          0,
                                          0.3,
                                          0.28,
                                          -0.65,
                                          0],
                    'savg': -0.65,
                    'std': 0.37},
 u'dumplings': {'avg': 0.14,
                'cluster_sentiment': [-0.65],
                'overall_sentiment': [-0.3,
                                      0,
                                      0.48,
                                      0.6,
                                      0.39,
                                      0,
                                      -0.65,
                                      0.48,
                                      0,
                                      0.38],
                'savg': -0.65,
                'std': 0.38},
 u'gravy': {'avg': 0.35,
            'cluster_sentiment': [-0.56],
            'overall_sentiment': [0,
                                  0.47,
                                  0.83,
                                  -0.56,
                                  0.5,
                                  0.91,
                                  0.51,
                                  0,
                                  0.51,
                                  0,
                                  0.47,
                                  0.83,
                                  -0.56,
                                  0.5,
                                  0.91,
                                  0.51,
                                  0,
                                  0.51],
            'savg': -0.56,
            'std': 0.44},
 u'meal': {'avg': 0.26,
           'cluster_sentiment': [-0.56],
           'overall_sentiment': [0.52,
                                 0.32,
                                 0.57,
                                 -0.4,
                                 0.76,
                                 0.78,
                                 0.66,
                                 0,
                                 0,
                                 0.82,
                                 0.56,
                                 0.31,
                                 0.52,
                                 0,
                                 0,
                                 0,
                                 0.68,
                                 0,
                                 0.56,
                                 0,
                                 -0.3,
                                 -0.57,
                                 0.71,
                                 0.13,
                                 0,
                                 -0.3,
                                 0.44,
                                 0,
                                 0.72,
                                 -0.56,
                                 0.32,
                                 0.56,
                                 0.55,
                                 -0.31,
                                 0.92],
           'savg': -0.56,
           'std': 0.41},
 u'thanks': {'avg': 0.36,
             'cluster_sentiment': [-0.45],
             'overall_sentiment': [0,
                                   -0.45,
                                   0.53,
                                   0.49,
                                   0.72,
                                   0.51,
                                   0.69,
                                   0,
                                   -0.45,
                                   0.53,
                                   0.49,
                                   0.72,
                                   0.51,
                                   0.69],
             'savg': -0.45,
             'std': 0.4}}
