[[42, -0.01, 32.85],
 [43, -0.0, 30.19],
 [73, -0.02, 38.16],
 [74, -0.03, 39.42],
 [75, 0.01, 40.38],
 [76, 0.14, 47.43],
 [77, 0.12, 49.26],
 [78, 0.22, 47.64],
 [79, 0.06, 48.3],
 [80, 0.11, 47.58],
 [81, 0.05, 47.91],
 [126, 0.01, 26.31],
 [128, 0.12, 29.26],
 [129, 0.14, 30.89],
 [130, 0.2, 28.45],
 [131, 0.16, 30.5],
 [132, 0.13, 30.81],
 [133, 0.15, 29.06],
 [134, -0.01, 27.56],
 [135, -0.02, 32.53],
 [136, 0.02, 32.11],
 [137, 0.11, 38.66],
 [138, 0.01, 39.89],
 [245, 0.4, 36.59],
 [255, -0.05, 35.4],
 [256, -0.04, 34.71],
 [257, -0.03, 34.89],
 [258, -0.02, 30.44],
 [259, 0.08, 27.73],
 [260, 0.05, 27.98],
 [261, 0.01, 28.53],
 [262, 0.1, 28.49],
 [263, 0.15, 30.09],
 [264, -0.01, 30.98],
 [265, -0.08, 31.36],
 [266, 0.1, 30.95],
 [267, 0.14, 29.13],
 [268, 0.18, 27.37],
 [269, 0.15, 28.45],
 [270, 0.15, 29.42],
 [271, 0.15, 35.69],
 [272, 0.11, 34.21],
 [273, 0.14, 34.09],
 [274, 0.01, 31.98],
 [275, 0.17, 30.42],
 [297, 0.28, 23.78],
 [298, 0.21, 24.62],
 [299, 0.25, 24.25],
 [300, 0.28, 23.66],
 [301, 0.38, 25.83],
 [319, 0.48, 21.59],
 [320, 0.45, 22.63],
 [325, 0.46, 24.3],
 [326, 0.46, 23.67],
 [327, 0.46, 23.21],
 [328, 0.49, 24.29],
 [330, 0.59, 24.73],
 [331, 0.61, 25.03],
 [335, 0.48, 24.18],
 [372, 0.34, 19.9],
 [373, 0.4, 19.49],
 [376, 0.33, 17.29],
 [377, 0.32, 17.36],
 [378, 0.3, 28.18],
 [389, -0.03, 28.21],
 [425, 0.17, 28.52],
 [426, 0.19, 29.09],
 [462, 0.24, 35.6],
 [538, 0.31, 31.27],
 [539, 0.2, 32.39],
 [541, -0.03, 31.7],
 [542, 0.02, 32.0],
 [543, -0.04, 31.86],
 [544, -0.05, 30.49],
 [545, -0.02, 30.54],
 [642, -0.1, 19.66],
 [645, -0.12, 19.59],
 [646, -0.09, 23.84],
 [649, -0.04, 24.3],
 [650, 0.01, 23.87],
 [655, 0.51, 22.91],
 [656, 0.51, 23.04],
 [657, 0.5, 23.67],
 [685, 0.16, 23.46],
 [696, -0.06, 17.26],
 [697, -0.17, 17.67],
 [698, -0.17, 18.5],
 [699, -0.17, 18.54],
 [700, -0.26, 18.08],
 [715, 0.18, 28.35],
 [897, 0.4, 12.67],
 [952, -0.13, 18.5]]
