'KjymOs12Mpy0Kd54b7T9MA'
'[135, 136, 137, 138, 139, 140, 141, 142, 143, 144, 145, 146, 147, 148, 149, 150, 151, 152, 153, 154]'
{u'bartenders': {'avg': 0.45,
                 'cluster_sentiment': [-0.55],
                 'overall_sentiment': [0.53,
                                       -0.55,
                                       0.38,
                                       0.72,
                                       0.68,
                                       0.9,
                                       -0.05,
                                       0.74,
                                       0.68,
                                       0.53,
                                       -0.55,
                                       0.38,
                                       0.72,
                                       0.68,
                                       0.9,
                                       -0.05,
                                       0.74,
                                       0.68],
                 'savg': -0.55,
                 'std': 0.44},
 u'night': {'avg': 0.21,
            'cluster_sentiment': [-0.82],
            'overall_sentiment': [0.04,
                                  -0.23,
                                  0,
                                  0.91,
                                  0.84,
                                  -0.82,
                                  0.17,
                                  0.42,
                                  0.88,
                                  -0.52,
                                  -0.32,
                                  0.3,
                                  -0.4,
                                  0.81,
                                  0.73,
                                  0.28,
                                  0,
                                  -0.58,
                                  -0.79,
                                  -0.41,
                                  0,
                                  0.35,
                                  0.32,
                                  0.7,
                                  0,
                                  0.78,
                                  0.54,
                                  0.48,
                                  0.24,
                                  0.22,
                                  -0.83,
                                  0.85,
                                  0.29,
                                  0.65,
                                  0.18,
                                  0.58,
                                  0.72,
                                  0.58,
                                  -0.21,
                                  -0.22,
                                  -0.3,
                                  0,
                                  0.9,
                                  0.66,
                                  0,
                                  0.74,
                                  -0.35,
                                  0.6,
                                  0.58],
            'savg': -0.82,
            'std': 0.49},
 u'town': {'avg': 0.1,
           'cluster_sentiment': [-0.6],
           'overall_sentiment': [-0.6,
                                 0.32,
                                 0.38,
                                 0,
                                 0,
                                 0,
                                 0.36,
                                 0,
                                 0.62,
                                 0,
                                 0.44,
                                 -0.46,
                                 0.5,
                                 0,
                                 0],
           'savg': -0.6,
           'std': 0.33}}
