'KjymOs12Mpy0Kd54b7T9MA'
'[74, 75, 76, 77, 78, 79, 80, 81, 82, 83, 84, 85, 86, 87, 88, 89, 90, 91, 92, 93]'
{u'bartenders': {'avg': 0.45,
                 'cluster_sentiment': [-0.55],
                 'overall_sentiment': [0.53,
                                       -0.55,
                                       0.38,
                                       0.72,
                                       0.68,
                                       0.9,
                                       -0.05,
                                       0.74,
                                       0.68],
                 'savg': -0.55,
                 'std': 0.44}}
