'KjymOs12Mpy0Kd54b7T9MA'
'[952, 953, 954, 955, 956, 957, 958, 959, 960, 961, 962, 963, 964, 965, 966, 967, 968, 969, 970, 971]'
{u'lamb chops': {'avg': 0.21,
                 'cluster_sentiment': [-0.62],
                 'overall_sentiment': [0.24, 0.32, 0.48, 0.42, 0.43, -0.62],
                 'savg': -0.62,
                 'std': 0.38},
 u'prices': {'avg': 0.16,
             'cluster_sentiment': [-0.78],
             'overall_sentiment': [0,
                                   0,
                                   0,
                                   0,
                                   0.63,
                                   0,
                                   0,
                                   0.83,
                                   -0.78,
                                   -0.3,
                                   0.69,
                                   0.35,
                                   0,
                                   0.81,
                                   0,
                                   0,
                                   0,
                                   0,
                                   0.63,
                                   0,
                                   0,
                                   0.83,
                                   -0.78,
                                   -0.3,
                                   0.69,
                                   0.35,
                                   0,
                                   0.81,
                                   0,
                                   0,
                                   0,
                                   0,
                                   0.63,
                                   0,
                                   0,
                                   0.83,
                                   -0.78,
                                   -0.3,
                                   0.69,
                                   0.35,
                                   0,
                                   0.81,
                                   0,
                                   0,
                                   0,
                                   0,
                                   0.63,
                                   0,
                                   0,
                                   0.83,
                                   -0.78,
                                   -0.3,
                                   0.69,
                                   0.35,
                                   0,
                                   0.81,
                                   0,
                                   0,
                                   0,
                                   0,
                                   0.63,
                                   0,
                                   0,
                                   0.83,
                                   -0.78,
                                   -0.3,
                                   0.69,
                                   0.35,
                                   0,
                                   0.81],
             'savg': -0.78,
             'std': 0.44},
 u'prosciutto flatbread': {'avg': 0.29,
                           'cluster_sentiment': [-0.62],
                           'overall_sentiment': [0.57,
                                                 0,
                                                 0.24,
                                                 0.73,
                                                 -0.62,
                                                 0.35,
                                                 0.74,
                                                 0.57,
                                                 0,
                                                 0.24,
                                                 0.73,
                                                 -0.62,
                                                 0.35,
                                                 0.74,
                                                 0.57,
                                                 0,
                                                 0.24,
                                                 0.73,
                                                 -0.62,
                                                 0.35,
                                                 0.74,
                                                 0.57,
                                                 0,
                                                 0.24,
                                                 0.73,
                                                 -0.62,
                                                 0.35,
                                                 0.74],
                           'savg': -0.62,
                           'std': 0.45},
 u'special occasion': {'avg': 0.42,
                       'cluster_sentiment': [-0.28],
                       'overall_sentiment': [0.43,
                                             0.43,
                                             0.81,
                                             0.68,
                                             0,
                                             0.58,
                                             0.54,
                                             -0.28,
                                             0.78,
                                             0.21,
                                             0.43,
                                             0.43,
                                             0.81,
                                             0.68,
                                             0,
                                             0.58,
                                             0.54,
                                             -0.28,
                                             0.78,
                                             0.21,
                                             0.43,
                                             0.43,
                                             0.81,
                                             0.68,
                                             0,
                                             0.58,
                                             0.54,
                                             -0.28,
                                             0.78,
                                             0.21],
                       'savg': -0.28,
                       'std': 0.33},
 u'squid': {'avg': 0.15,
            'cluster_sentiment': [-0.67],
            'overall_sentiment': [0,
                                  0,
                                  0.28,
                                  0,
                                  -0.42,
                                  0.49,
                                  0.31,
                                  -0.67,
                                  0.69,
                                  0,
                                  0.47,
                                  0,
                                  0.92,
                                  0,
                                  0,
                                  0,
                                  0.28,
                                  0,
                                  -0.42,
                                  0.49,
                                  0.31,
                                  -0.67,
                                  0.69,
                                  0,
                                  0.47,
                                  0,
                                  0.92,
                                  0],
            'savg': -0.67,
            'std': 0.4}}
