'5GKbGn9-fAgQ0njSh3OJ8A'
'[309, 310, 311, 312, 313, 314, 315, 316, 317, 318, 319, 320, 321, 322, 323, 324, 325, 326, 327, 328]'
{u'Friday night': {'avg': 0.22,
                   'cluster_sentiment': [-0.73],
                   'overall_sentiment': [0.75,
                                         0.26,
                                         0,
                                         0,
                                         0.32,
                                         -0.48,
                                         0,
                                         0.67,
                                         -0.73,
                                         0.73,
                                         0,
                                         0.48,
                                         -0.82,
                                         0.25,
                                         0.42,
                                         0,
                                         0.87,
                                         0.55,
                                         0.37,
                                         -0.65,
                                         0.45,
                                         0.4,
                                         0.5,
                                         0.25,
                                         0.8],
                   'savg': -0.73,
                   'std': 0.46},
 u'cocktails': {'avg': 0.3,
                'cluster_sentiment': [-0.67],
                'overall_sentiment': [0.86,
                                      0.41,
                                      -0.47,
                                      0.55,
                                      0,
                                      -0.67,
                                      0.44,
                                      -0.23,
                                      0.49,
                                      0.54,
                                      0.71,
                                      0.63,
                                      0.58,
                                      0.41],
                'savg': -0.67,
                'std': 0.45},
 u'line': {'avg': -0.08,
           'cluster_sentiment': [-0.72],
           'overall_sentiment': [0,
                                 0,
                                 0.29,
                                 0,
                                 0,
                                 -0.59,
                                 0.31,
                                 0.24,
                                 -0.6,
                                 -0.71,
                                 0.16,
                                 0,
                                 -0.35,
                                 -0.49,
                                 0,
                                 0,
                                 0,
                                 -0.24,
                                 0.14,
                                 0,
                                 0.22,
                                 0,
                                 -0.22,
                                 0,
                                 -0.72,
                                 0,
                                 -0.45,
                                 -0.39,
                                 -0.38,
                                 0.14,
                                 -0.56,
                                 -0.21,
                                 0,
                                 0.34,
                                 -0.3,
                                 0,
                                 0,
                                 -0.25,
                                 0.6,
                                 0.37,
                                 -0.55,
                                 -0.04,
                                 -0.36,
                                 -0.44,
                                 0,
                                 -0.51,
                                 -0.21,
                                 0,
                                 0.4,
                                 0,
                                 0,
                                 0.48,
                                 0,
                                 0,
                                 0,
                                 0,
                                 0,
                                 0.52,
                                 0,
                                 0,
                                 -0.25,
                                 -0.32,
                                 0],
           'savg': -0.72,
           'std': 0.3}}
