'5GKbGn9-fAgQ0njSh3OJ8A'
'[787, 788, 789, 790, 791, 792, 793, 794, 795, 796, 797, 798, 799, 800, 801, 802, 803, 804, 805, 806]'
{u'Friday night': {'avg': 0.22,
                   'cluster_sentiment': [-0.73],
                   'overall_sentiment': [0.75,
                                         0.26,
                                         0,
                                         0,
                                         0.32,
                                         -0.48,
                                         0,
                                         0.67,
                                         -0.73,
                                         0.73,
                                         0,
                                         0.48,
                                         -0.82,
                                         0.25,
                                         0.42,
                                         0,
                                         0.87,
                                         0.55,
                                         0.37,
                                         -0.65,
                                         0.45,
                                         0.4,
                                         0.5,
                                         0.25,
                                         0.8,
                                         0.75,
                                         0.26,
                                         0,
                                         0,
                                         0.32,
                                         -0.48,
                                         0,
                                         0.67,
                                         -0.73,
                                         0.73,
                                         0,
                                         0.48,
                                         -0.82,
                                         0.25,
                                         0.42,
                                         0,
                                         0.87,
                                         0.55,
                                         0.37,
                                         -0.65,
                                         0.45,
                                         0.4,
                                         0.5,
                                         0.25,
                                         0.8,
                                         0.75,
                                         0.26,
                                         0,
                                         0,
                                         0.32,
                                         -0.48,
                                         0,
                                         0.67,
                                         -0.73,
                                         0.73,
                                         0,
                                         0.48,
                                         -0.82,
                                         0.25,
                                         0.42,
                                         0,
                                         0.87,
                                         0.55,
                                         0.37,
                                         -0.65,
                                         0.45,
                                         0.4,
                                         0.5,
                                         0.25,
                                         0.8],
                   'savg': -0.73,
                   'std': 0.46},
 u'ambiance': {'avg': 0.59,
               'cluster_sentiment': [-0.55],
               'overall_sentiment': [0.47,
                                     0.31,
                                     0.85,
                                     0.65,
                                     0.87,
                                     0.84,
                                     0.58,
                                     0.74,
                                     0.63,
                                     0.8,
                                     0.84,
                                     0.41,
                                     0.89,
                                     0,
                                     0.95,
                                     0.6,
                                     0,
                                     0.73,
                                     0.8,
                                     0.75,
                                     0.74,
                                     -0.55,
                                     0.92,
                                     0.75,
                                     0.56,
                                     0.79,
                                     0.31,
                                     0.47,
                                     0.36,
                                     0.52,
                                     0.57,
                                     0.76],
               'savg': -0.55,
               'std': 0.31},
 u'bread': {'avg': 0.3,
            'cluster_sentiment': [-0.67],
            'overall_sentiment': [0.49,
                                  -0.57,
                                  0.65,
                                  -0.67,
                                  -0.16,
                                  0.54,
                                  0.7,
                                  0.54,
                                  0.46,
                                  0.49,
                                  0.56,
                                  0.68,
                                  0,
                                  0.77,
                                  0.52,
                                  -0.22,
                                  0.29,
                                  0.49,
                                  -0.57,
                                  0.65,
                                  -0.67,
                                  -0.16,
                                  0.54,
                                  0.7,
                                  0.54,
                                  0.46,
                                  0.49,
                                  0.56,
                                  0.68,
                                  0,
                                  0.77,
                                  0.52,
                                  -0.22,
                                  0.29],
            'savg': -0.67,
            'std': 0.44},
 u'cocktails': {'avg': 0.3,
                'cluster_sentiment': [-0.67],
                'overall_sentiment': [0.86,
                                      0.41,
                                      -0.47,
                                      0.55,
                                      0,
                                      -0.67,
                                      0.44,
                                      -0.23,
                                      0.49,
                                      0.54,
                                      0.71,
                                      0.63,
                                      0.58,
                                      0.41,
                                      0.86,
                                      0.41,
                                      -0.47,
                                      0.55,
                                      0,
                                      -0.67,
                                      0.44,
                                      -0.23,
                                      0.49,
                                      0.54,
                                      0.71,
                                      0.63,
                                      0.58,
                                      0.41,
                                      0.86,
                                      0.41,
                                      -0.47,
                                      0.55,
                                      0,
                                      -0.67,
                                      0.44,
                                      -0.23,
                                      0.49,
                                      0.54,
                                      0.71,
                                      0.63,
                                      0.58,
                                      0.41],
                'savg': -0.67,
                'std': 0.45},
 u'fun': {'avg': 0.4,
          'cluster_sentiment': [-0.48],
          'overall_sentiment': [0.7,
                                0.74,
                                0.75,
                                0.5,
                                0.85,
                                0.54,
                                -0.25,
                                0.49,
                                0.66,
                                0.7,
                                0.56,
                                0.72,
                                -0.7,
                                -0.3,
                                -0.58,
                                0.52,
                                0.6,
                                0.64,
                                0.84,
                                0.33,
                                0.86,
                                0.36,
                                0.55,
                                0.28,
                                0.43,
                                0.47,
                                0.37,
                                0.51,
                                -0.76,
                                0.48,
                                0.47,
                                0.71,
                                0.66,
                                0.65,
                                0.56,
                                0.8,
                                0.57,
                                0.4,
                                0.27,
                                0,
                                -0.48,
                                0,
                                0.5,
                                0.87,
                                0,
                                0.4],
          'savg': -0.48,
          'std': 0.41}}
